light1_x =-100.0;
light1_y =100.0;
light1_z =100.0;
light1_vol =50;
light1_red =255;
light1_green =255;
light1_blue =255;
light2_x =5.773502;
light2_y =5.773502;
light2_z =5.773502;
light2_vol =70;
light2_red =255;
light2_green =255;
light2_blue =255;
light3_x =0.0;
light3_y =-100.0;
light3_z =100.0;
light3_vol =30;
light3_red =255;
light3_green =255;
light3_blue =255;
light4_x =0.0;
light4_y =0.0;
light4_z =0.0;
light4_vol =0;
light4_red =0;
light4_green =0;
light4_blue =0;
light5_x =0.0;
light5_y =0.0;
light5_z =0.0;
light5_vol =0;
light5_red =0;
light5_green =0;
light5_blue =0;
light6_x =0.0;
light6_y =0.0;
light6_z =0.0;
light6_vol =0;
light6_red =0;
light6_green =0;
light6_blue =0;
light7_x =0.0;
light7_y =0.0;
light7_z =0.0;
light7_vol =0;
light7_red =0;
light7_green =0;
light7_blue =0;
light8_x =0.0;
light8_y =0.0;
light8_z =0.0;
light8_vol =0;
light8_red =0;
light8_green =0;
light8_blue =0;
light9_x =0.0;
light9_y =0.0;
light9_z =0.0;
light9_vol =0;
light9_red =0;
light9_green =0;
light9_blue =0;
root_finder = d_chain_bisection; epsilon = 0.00000001;
illumination = ambient_light + diffuse_light + reflected_light + transmitted_light;
ambient      = 40;
diffuse      = 80;
reflected    = 80;
transmitted  = 20;
smoothness   = 50;
transparence = 0;
thickness = 10;
antialiasing = 6;
background_red=255;
background_green=255;
background_blue=255;
width=120;
height=120;
rot_x=0.0; rot_y=0.0; rot_z=0.0;
scale_x=0.9803921568627451;
scale_y=0.9803921568627451;
scale_z=0.9803921568627451;
double PI = 2*arcsin(1);
// the parameters:
double a=0.5;
a=2*a*(-0.140106854987124776454220549858);


// the equations:
surface = x^7-1*21*x^5*y^2+35*x^3*y^4-1*7*x*y^6+7*x^6*1+21*x^4*y^2*1+21*x^2*y^4*1+7*y^6*1-1*57*x^4*1^3-1*114*x^2*y^2*1^3-1*57*y^4*1^3+(24/7*a^2+768/49*a+800/7)*x^2*1^5+(24/7*a^2+768/49*a+800/7)*y^2*1^5+(-1*149808/2401*a^2+3216/343*a-1*147584/2401)*1^7+(-1*49*a^2+7*a-1*52)*x^4*1^2*z+(-1*98*a^2+14*a-1*104)*x^2*y^2*1^2*z+(-1*49*a^2+7*a-1*52)*y^4*1^2*z+(128/7*a^2+704/49*a+128/7)*x^2*1^4*z+(128/7*a^2+704/49*a+128/7)*y^2*1^4*z+(-1*1632/343*a^2+16/7*a-1*192/343)*1^6*z+(-1*98*a^2+14*a-1*101)*x^4*1*z^2+(-1*196*a^2+28*a-1*202)*x^2*y^2*1*z^2+(-1*98*a^2+14*a-1*101)*y^4*1*z^2+(3016/7*a^2-1*2904/49*a+440)*x^2*1^3*z^2+(3016/7*a^2-1*2904/49*a+440)*y^2*1^3*z^2+(-1*17440/343*a^2+416/49*a-1*17040/343)*1^5*z^2+(-1*49*a^2+7*a-1*50)*x^4*z^3+(-1*98*a^2+14*a-1*100)*x^2*y^2*z^3+(-1*49*a^2+7*a-1*50)*y^4*z^3+(5776/7*a^2-1*5648/49*a+5888/7)*x^2*1^2*z^3+(5776/7*a^2-1*5648/49*a+5888/7)*y^2*1^2*z^3+(-1*313136/343*a^2+6288/49*a-1*319264/343)*1^4*z^3+(3680/7*a^2-1*3608/49*a+536)*x^2*1*z^4+(3680/7*a^2-1*3608/49*a+536)*y^2*1*z^4+(-1*592240/343*a^2+11856/49*a-1*603856/343)*1^3*z^4+(816/7*a^2-1*800/49*a+832/7)*x^2*z^5+(816/7*a^2-1*800/49*a+832/7)*y^2*z^5+(-1*458832/343*a^2+1312/7*a-1*467840/343)*1^2*z^5+(-1*166272/343*a^2+3328/49*a-1*169536/343)*1*z^6+(-1*166272/2401*a^2+3328/343*a-1*169536/2401)*z^7;

surface_red = 255;
surface_green = 153;
surface_blue = 51;
inside_red = 153;
inside_green = 51;
inside_blue = 0;
transparence = 0;


// the solitary points (shown as spheres):

// the rotation:
surface=rotate(surface,0.0,yAxis);
surface=rotate(surface,0.0,xAxis);
surface=rotate(surface,0.0,zAxis);
surface=rotate(surface,1.9975774103799653,yAxis);
surface=rotate(surface,1.1823977293624988,xAxis);
surface=rotate(surface,1.9480944236911388,zAxis);
clip = 0;
radius = 9.0;

// the rotation:
draw_surface;

// the curves:

// save the image:
filename="labs_septic.ppm";
color_file_format=ppm;
save_color_image;

