light1_x =-100.0;
light1_y =100.0;
light1_z =100.0;
light1_vol =50;
light1_red =255;
light1_green =255;
light1_blue =255;
light2_x =-93.9909;
light2_y =105.91;
light2_z =105.91;
light2_vol =70;
light2_red =255;
light2_green =255;
light2_blue =255;
light3_x =0.0;
light3_y =-100.0;
light3_z =100.0;
light3_vol =30;
light3_red =255;
light3_green =255;
light3_blue =255;
light4_x =0.0;
light4_y =0.0;
light4_z =0.0;
light4_vol =0;
light4_red =0;
light4_green =0;
light4_blue =0;
light5_x =0.0;
light5_y =0.0;
light5_z =0.0;
light5_vol =0;
light5_red =0;
light5_green =0;
light5_blue =0;
light6_x =0.0;
light6_y =0.0;
light6_z =0.0;
light6_vol =0;
light6_red =0;
light6_green =0;
light6_blue =0;
light7_x =0.0;
light7_y =0.0;
light7_z =0.0;
light7_vol =0;
light7_red =0;
light7_green =0;
light7_blue =0;
light8_x =0.0;
light8_y =0.0;
light8_z =0.0;
light8_vol =0;
light8_red =0;
light8_green =0;
light8_blue =0;
light9_x =0.0;
light9_y =0.0;
light9_z =0.0;
light9_vol =0;
light9_red =0;
light9_green =0;
light9_blue =0;
root_finder = d_chain_bisection; epsilon = 0.00000001;
illumination = ambient_light + diffuse_light + reflected_light + transmitted_light;
ambient      = 40;
diffuse      = 80;
reflected    = 80;
transmitted  = 20;
smoothness   = 50;
transparence = 0;
thickness = 10;
antialiasing = 6;
background_red=255;
background_green=255;
background_blue=255;
width=120;
height=120;
rot_x=0.0; rot_y=0.0; rot_z=0.0;
scale_x=0.5917159763313609;
scale_y=0.5917159763313609;
scale_z=0.5917159763313609;
double PI = 2*arcsin(1);
// the parameters:
double a=1.0;
a=a;


// the equations:
surface = a*0.99*(64*(0.5*z)^7-1*112*(0.5*z)^5+56*(0.5*z)^3-1*7*(0.5*z)-1*1)+(.7818314825-1*.3765101982*y-1*.7818314825*x)*(.7818314824-1*.8460107361*y-1*.1930964297*x)*(.7818314825-1*.6784479340*y+.5410441731*x)*(.7818314825+.8677674789*x)*(.7818314824+.6784479339*y+.541044172*x)*(.7818314824+.8460107358*y-1*.193096429*x)*(.7818314821+.3765101990*y-1*.781831483*x);

surface_red = 255;
surface_green = 255;
surface_blue = 0;
inside_red = 0;
inside_green = 153;
inside_blue = 0;
transparence = 0;


// the solitary points (shown as spheres):

// the rotation:
surface=rotate(surface,0.0,yAxis);
surface=rotate(surface,0.0,xAxis);
surface=rotate(surface,0.0,zAxis);
surface=rotate(surface,2.2814957600634584,yAxis);
surface=rotate(surface,-0.041066811777019534,xAxis);
surface=rotate(surface,1.51775521077252,zAxis);
clip = 0;
radius = 9.0;

// the rotation:
draw_surface;

// the curves:

// save the image:
filename="septic_7eck.ppm";
color_file_format=ppm;
save_color_image;

